xc   = [0.16763;0.07763;0.4];
tw   = [1 2 3 4 5];

x(1,1:5) = 0.16763 ;

x(2:3,1) = [0.4;0.3 ] ; 
x(2:3,2) = [0.2;0.2 ] ; 
x(2:3,3) = [0.1;0.1 ]  ; 
x(2:3,4) = [0.05;0.045/2+0.005 ]  ; 
x(2:3,5) = [0.0;0.045/2 ]  ; 



